strategic_region={
	id=1
	name="STRATEGICREGION_1"
	provinces={
		1 3 4 5 6 8 10 12 13 14 17 18 19 20 21 23 24 25 26 27 28 29 31 32 33 34 35 36 42 43 44 45 47 48 50 51 52 53 54 55 56 57 58 60 61 62 63 66 67 68 71 72 73 74 75 76 
		77 78 79 82 83 84 85 86 87 88 89 90 91 93 97 98 99 
		
		100 101 102 103 104 105 106 107 108 109
		113 115 116 117 119 120 122 123 124 125 126 127 130 131 132 133 134 135 137 139 140 141 142 144 145 148 149 150 151 152 153 154 155 156 157 158 159 160 161 162 163 
		164 165 166 167 168 169 170 171 172 173 174 175 176 177 178 179 180 181 182 183 185 186 187 189 191 192 193 194 195 196 197 198 199 
		
		200 201 202 203 204 206 207 208 209 210 211 215 216 217 218 219 220 221 223 224 225 226 227 228 229 230 232 233 234 236 239 240 241 244 245 246 248 249 250 251 252 
		253 254 259 260 261 262 263 264 266 267 269 270 271 272 273 274 275 276 277 278 280 282 283 284 285 286 287 288 289 290 291 292 293 294 296 297 298 299 
		
		300 301 302 303 304 305 306 307 308 310 311 312 313 314 316 317 318 319 320 321 322 323 324 325 329 330 332 333 335 337 339 340 341 342 343 344 346 347 348 349 350 352 
		353 354 355 356 357 358 359 361 362 363 364 365 366 369 371 372 373 374 375 376 377 378 379 380 383 384 385 387 388 390 391 392 393 394 395 396 397 398 
		
		400 401 403 404 405 406 407 408 409 410 413 414 416 417 418 419 420 421 422 423 424 425 426 427 428 429 430 432 433 435 437 438 439 442 443 444 448 451 452 453 454 455 
		456 457 458 459 460 461 462 463 467 468 469 470 471 472 473 474 475 476 477 478 479 480 481 482 483 485 486 487 488 489 490 492 493 494 495 496 498 499 
		
		502 504 505 506 507 508 509 510 512 513 514 515 516 517 518 519 520 521 522 523 524 526 528 530 531 532 533 535 536 537 539 540 542 544 545 546 547 548 551 553 554 555 556 
		557 559 560 561 562 564 565 566 568 569 570 572 573 575 576 578 579 580 581 582 584 585 586 588 589 590 591 592 593 594 595 596 597 
		
		600 601 602 603 605 606 607 609 610 611 612 613 614 619 620 621 623 624 627 628 629 630 631 632 633 634 635 636 638 639 640 641 642 643 
		645 646 647 648 649 650 651 652 653 654 655 656 657 659 660 661 662 664 665 666 668 669 670 671 672 673 674 675 676 677 678 679 680 681 683 
		685 686 687 688 689 690 692 694 695 696 697 698 
		
		700 702 703 704 705 707 711 712 713 714 715 716 717 718 719 721 722 723 724 725 
		726 727 731 732 733 734 735 736 737 738 739 740 741 743 744 745 746 752 753 755 756 757 759 760 764 771 778 779 780 788 789 790 795 
		
		818 820 833 834 836 839 846 851 853 857 858 860 862 864 865 867 870 879 888 889 891 892 893 894 895 896 897 898 899 
		
		900 901 902 903 904 905 906 907 908 909 910 911 912 913 914 915 916 917 918 919 920 921 922 923 924 925 926 927 928 929 930 
		931 932 933 934 935 936 937 938 939 940 941 942 943 944 945 946 947 948 949 950 951 952 953 954 955 956 957 958 959 960 961 962 963 964 965 966 967 968 969 970 971 
		972 973 975 976 977 978 980 981 982 983 984 985 986 987 988 989 990 991 992 993 994 995 996 997 998 999 
		
		1000 1001 1002 1003 1004 1005 1006 1008 1009 1010 1011 1012 1013 1014 1015 


	}
	weather={
		period={
			between={ 0.0 30.0 }
			temperature={ 12.0 30.0 }
			temperature_day_night={ -2.0 2.0 }
			no_phenomenon=0.500
			rain_light=0.250
			rain_heavy=0.100
			snow=0.000
			blizzard=0.000
			mud=1.0
			sandstorm=0.000
			min_snow_level=0.000
		}
		period={
			between={ 0.1 27.1 }
			temperature={ 12.0 30.0 }
			temperature_day_night={ -2.0 2.0 }
			no_phenomenon=0.500
			rain_light=0.250
			rain_heavy=0.100
			snow=0.000
			blizzard=0.000
			mud=1.0
			sandstorm=0.000
			min_snow_level=0.000
		}
		period={
			between={ 0.2 30.2 }
			temperature={ 12.0 30.0 }
			temperature_day_night={ -2.0 2.0 }
			no_phenomenon=0.500
			rain_light=0.250
			rain_heavy=0.100
			snow=0.000
			blizzard=0.000
			mud=1.0
			sandstorm=0.000
			min_snow_level=0.000
		}
		period={
			between={ 0.3 29.3 }
			temperature={ 12.0 30.0 }
			temperature_day_night={ -2.0 2.0 }
			no_phenomenon=0.500
			rain_light=0.250
			rain_heavy=0.100
			snow=0.000
			blizzard=0.000
			mud=1.0
			sandstorm=0.000
			min_snow_level=0.000
		}
		period={
			between={ 0.4 30.4 }
			temperature={ 12.0 30.0 }
			temperature_day_night={ -2.0 2.0 }
			no_phenomenon=0.500
			rain_light=0.250
			rain_heavy=0.100
			snow=0.000
			blizzard=0.000
			mud=1.0
			sandstorm=0.000
			min_snow_level=0.000
		}
		period={
			between={ 0.5 29.5 }
			temperature={ 12.0 30.0 }
			temperature_day_night={ -2.0 2.0 }
			no_phenomenon=0.500
			rain_light=0.250
			rain_heavy=0.100
			snow=0.000
			blizzard=0.000
			mud=1.0
			sandstorm=0.000
			min_snow_level=0.000
		}
		period={
			between={ 0.6 30.6 }
			temperature={ 12.0 30.0 }
			temperature_day_night={ -2.0 2.0 }
			no_phenomenon=0.500
			rain_light=0.250
			rain_heavy=0.100
			snow=0.000
			blizzard=0.000
			mud=1.0
			sandstorm=0.000
			min_snow_level=0.000
		}
		period={
			between={ 0.7 30.7 }
			temperature={ 12.0 30.0 }
			temperature_day_night={ -2.0 2.0 }
			no_phenomenon=0.500
			rain_light=0.250
			rain_heavy=0.100
			snow=0.000
			blizzard=0.000
			mud=1.0
			sandstorm=0.000
			min_snow_level=0.000
		}
		period={
			between={ 0.8 29.8 }
			temperature={ 12.0 30.0 }
			temperature_day_night={ -2.0 2.0 }
			no_phenomenon=0.500
			rain_light=0.250
			rain_heavy=0.100
			snow=0.000
			blizzard=0.000
			mud=1.0
			sandstorm=0.000
			min_snow_level=0.000
		}
		period={
			between={ 0.9 30.9 }
			temperature={ 12.0 30.0 }
			temperature_day_night={ -2.0 2.0 }
			no_phenomenon=0.500
			rain_light=0.250
			rain_heavy=0.100
			snow=0.000
			blizzard=0.000
			mud=1.0
			sandstorm=0.000
			min_snow_level=0.000
		}
		period={
			between={ 0.10 29.10 }
			temperature={ 12.0 30.0 }
			temperature_day_night={ -2.0 2.0 }
			no_phenomenon=0.500
			rain_light=0.250
			rain_heavy=0.100
			snow=0.000
			blizzard=0.000
			mud=1.0
			sandstorm=0.000
			min_snow_level=0.000
		}
		period={
			between={ 0.11 30.11 }
			temperature={ 12.0 30.0 }
			temperature_day_night={ -2.0 2.0 }
			no_phenomenon=0.500
			rain_light=0.250
			rain_heavy=0.100
			snow=0.000
			blizzard=0.000
			mud=1.0
			sandstorm=0.000
			min_snow_level=0.000
		}
	}
}
