strategic_region={
	id=2
	name="STRATEGICREGION_2"
	provinces={
		860 888 889 1002 1003 1018 1019 1020 1021 1022 1023 1024 1026 1027 1029 1030 1031 1032 1033 1034 1035 1036 1037 1038 1039 1040 1041 1042 1043 1044 1046 1047 1048 1049 1050 1051 1052 1053 1054 1055 1056 1058 1059 1060 1061 1062 1063 1065 1067 1068 1069 1070 1071 1073 1074 1077 1078 1080 1081 1082 1083 1084 1085 1086 1087 1088 1089 1090 1093 1095 1096 1097 1099 1101 1102 1104 1105 1106 1107 1108 1109 1110 1112 1113 1114 1115 1118 1119 1120 1122 1123 1125 1126 1127 1128 1129 1130 1131 1132 1133 1134 1136 1137 1138 1139 1140 1141 1142 1143 1144 1145 1146 1147 1149 1150 1151 1152 1153 1154 1156 1157 1158 1160 1161 1162 1163 1165 1166 1168 1171 1172 1173 1174 1175 1176 1177 1178 1179 1181 1182 1183 1184 1188 1189 1190 1191 1192 1193 1194 1195 1196 1197 1198 1199 1200 1201 1202 1203 1204 1205 1206 1207 1208 1209 1210 1212 1213 1215 1216 1217 1218 1219 1220 1221 1222 1223 1225 1226 1227 1228 1229 1230 1231 1233 1234 1235 1236 1237 1239 1240 1241 1243 1244 1245 1246 1247 1248 1249 1250 1251 1252 1253 1254 1255 1256 1257 1258 1259 1260 1261 1262 1267 1268 1269 1271 1273 1276 1278 1279 1280 1281 1282 1283 1284 1285 1286 1287 1288 1290 1292 1293 1294 1296 1297 1298 1300 1304 1305 1306 1307 1308 1309 1310 1311 1312 1314 1315 1316 1317 1318 1319 1320 1321 1322 1323 1324 1328 1329 1334 1335 1336 1337 1338 1339 1340 1341 1342 1344 1345 1346 1347 1348 1349 1350 1351 1352 1353 1354 1355 1356 1357 1358 1359 1360 1361 1363 1364 1365 1366 1367 1368 1369 1372 1373 1376 1379 1380 1381 1382 1384 1385 1386 1387 1388 1389 1390 1391 1392 1393 1394 1395 1396 1397 1398 1399 1400 1401 1404 1405 1406 1407 1409 1410 1412 1413 1415 1416 1418 1419 1420 1421 1422 1424 1425 1426 1427 1428 1429 1430 1433 1434 1435 1436 1437 1438 1439 1442 1443 1445 1446 1448 1451 1452 1455 1456 1457 1458 1459 1461 1462 1464 1465 1466 1467 1468 1469 1470 1471 1472 1473 1474 1478 1480 1481 1482 1483 1484 1485 1488 1489 1490 1491 1492 1493 1494 1495 1496 1497 1498 1499 1500 1501 1502 1503 1505 1507 1508 1509 1510 1511 1512 1513 1514 1515 1517 1519 1520 1521 1522 1523 1524 1525 1526 1527 1528 1529 1530 1531 1532 1533 1534 1535 1536 1537 1538 1539 1540 1541 1542 1543 1544 1545 1547 1550 1551 1553 1554 1555 1556 1557 1561 1562 1563 1566 1567 1568 1570 1573 1574 1577 1578 1580 1581 1582 1583 1584 1585 1586 1587 1588 1589 1590 1591 1592 1593 1594 1595 1596 1597 1598 1599 1600 1601 1602 1603 1604 1606 1607 1608 1609 1611 1612 1613 1614 1616 1617 1618 1619 1620 1622 1623 1624 1626 1627 1629 1631 1632 1633 1634 1635 1636 1637 1638 1639 1640 1641 1642 1643 1644 1645 1646 1647 1648 1649 1650 1651 1653 1654 1655 1657 1658 1660 1661 1662 1664 1665 1666 1667 1669 1670 1672 1673 1674 1675 1676 1677 1678 1680 1681 1682 1683 1684 1685 1686 1687 1688
	}
	weather={
		period={
			between={ 0.0 30.0 }
			temperature={ 12.0 30.0 }
			temperature_day_night={ -2.0 2.0 }
			no_phenomenon=0.500
			rain_light=0.250
			rain_heavy=0.100
			snow=0.000
			blizzard=0.000
			mud=1.0
			sandstorm=0.000
			min_snow_level=0.000
		}
		period={
			between={ 0.1 27.1 }
			temperature={ 12.0 30.0 }
			temperature_day_night={ -2.0 2.0 }
			no_phenomenon=0.500
			rain_light=0.250
			rain_heavy=0.100
			snow=0.000
			blizzard=0.000
			mud=1.0
			sandstorm=0.000
			min_snow_level=0.000
		}
		period={
			between={ 0.2 30.2 }
			temperature={ 12.0 30.0 }
			temperature_day_night={ -2.0 2.0 }
			no_phenomenon=0.500
			rain_light=0.250
			rain_heavy=0.100
			snow=0.000
			blizzard=0.000
			mud=1.0
			sandstorm=0.000
			min_snow_level=0.000
		}
		period={
			between={ 0.3 29.3 }
			temperature={ 12.0 30.0 }
			temperature_day_night={ -2.0 2.0 }
			no_phenomenon=0.500
			rain_light=0.250
			rain_heavy=0.100
			snow=0.000
			blizzard=0.000
			mud=1.0
			sandstorm=0.000
			min_snow_level=0.000
		}
		period={
			between={ 0.4 30.4 }
			temperature={ 12.0 30.0 }
			temperature_day_night={ -2.0 2.0 }
			no_phenomenon=0.500
			rain_light=0.250
			rain_heavy=0.100
			snow=0.000
			blizzard=0.000
			mud=1.0
			sandstorm=0.000
			min_snow_level=0.000
		}
		period={
			between={ 0.5 29.5 }
			temperature={ 12.0 30.0 }
			temperature_day_night={ -2.0 2.0 }
			no_phenomenon=0.500
			rain_light=0.250
			rain_heavy=0.100
			snow=0.000
			blizzard=0.000
			mud=1.0
			sandstorm=0.000
			min_snow_level=0.000
		}
		period={
			between={ 0.6 30.6 }
			temperature={ 12.0 30.0 }
			temperature_day_night={ -2.0 2.0 }
			no_phenomenon=0.500
			rain_light=0.250
			rain_heavy=0.100
			snow=0.000
			blizzard=0.000
			mud=1.0
			sandstorm=0.000
			min_snow_level=0.000
		}
		period={
			between={ 0.7 30.7 }
			temperature={ 12.0 30.0 }
			temperature_day_night={ -2.0 2.0 }
			no_phenomenon=0.500
			rain_light=0.250
			rain_heavy=0.100
			snow=0.000
			blizzard=0.000
			mud=1.0
			sandstorm=0.000
			min_snow_level=0.000
		}
		period={
			between={ 0.8 29.8 }
			temperature={ 12.0 30.0 }
			temperature_day_night={ -2.0 2.0 }
			no_phenomenon=0.500
			rain_light=0.250
			rain_heavy=0.100
			snow=0.000
			blizzard=0.000
			mud=1.0
			sandstorm=0.000
			min_snow_level=0.000
		}
		period={
			between={ 0.9 30.9 }
			temperature={ 12.0 30.0 }
			temperature_day_night={ -2.0 2.0 }
			no_phenomenon=0.500
			rain_light=0.250
			rain_heavy=0.100
			snow=0.000
			blizzard=0.000
			mud=1.0
			sandstorm=0.000
			min_snow_level=0.000
		}
		period={
			between={ 0.10 29.10 }
			temperature={ 12.0 30.0 }
			temperature_day_night={ -2.0 2.0 }
			no_phenomenon=0.500
			rain_light=0.250
			rain_heavy=0.100
			snow=0.000
			blizzard=0.000
			mud=1.0
			sandstorm=0.000
			min_snow_level=0.000
		}
		period={
			between={ 0.11 30.11 }
			temperature={ 12.0 30.0 }
			temperature_day_night={ -2.0 2.0 }
			no_phenomenon=0.500
			rain_light=0.250
			rain_heavy=0.100
			snow=0.000
			blizzard=0.000
			mud=1.0
			sandstorm=0.000
			min_snow_level=0.000
		}
	}
}