
strategic_region={
	id=36
	name="STRATEGICREGION_36"
	provinces={
		11 465 527 706 1733 1740 1745 2678 2679 2680 2681 2682 2683 2684 2685 2686 2687 2688 2689 2690 2960 2961 2963 2964 2968 3068 3069 3070 3071 3072 3073 3074 3075 3076 3077 3078 3079 3080 3081 3082 3083 3084 3085 3086 3087 3088 3089 3107 3108 3110 3111 3112 3113 3114 3116 3117 3118 3119 3120 3121 3122 3132 3134 3135 3136 3138 3139 3140 3141 3142 3143 3144 3145 3146 3147 3159 3160 3161 3163 3164 3165 3166 3167 3168 3169 3170 3171 3172 
	}
	weather={
	}
}
