1 101 
1 121 
1 122 
1 141 
1 191 
1 192 
1 241 
1 271 
1 306 
1 310 
1 321 
1 351 
1 362 
1 377 
1 383 
1 385 
1 391 
1 394 
1 399 
1 402 
1 418 
1 476 
1 485 
1 492 
1 495 
1 512 
1 514 
1 516 
1 525 
1 540 
1 560 
1 572 
1 587 
1 603 
1 619 
1 620 
1 650 
1 657 
1 663 
1 673 
1 678 
1 688 
1 689 
1 692 
1 719 
1 740 
1 743 
1 746 
1 758 
1 782 
1 788 
1 819 
1 832 
1 875 
1 883 
1 885 
1 911 
1 913 
1 915 
1 925 
1 949 
1 952 
1 957 
1 964 
1 1025 
1 1047 
1 1048 
1 1065 
1 1069 
1 1086 
1 1092 
1 1117 
1 1132 
1 1136 
1 1145 
1 1150 
1 1176 
1 1182 
1 1185 
1 1278 
1 1292 
1 1319 
1 1321 
1 1330 
1 1349 
1 1359 
1 1403 
1 1408 
1 1454 
1 1459 
1 1468 
1 1488 
1 1492 
1 1509 
1 1519 
1 1528 
1 1534 
1 1550 
1 1554 
1 1572 
1 1595 
1 1599 
1 1628 
1 1639 
1 1646 
1 1652 
1 1747 
1 1801 
1 1806 
1 1814 
1 1821 
1 1827 
1 1833 
1 1843 
1 1866 
1 1939 
1 1965 
1 2012 
1 2046 
1 2050 
1 2065 
1 2086 
1 2089 
1 2097 
1 2110 
1 2120 
1 2152 
1 2164 
1 2182 
1 2196 
1 2197 
1 2210 
1 2211 
1 2213 
1 2227 
1 2229 
1 2354 
