
state={
	id=1
	name="STATE_1"

	history={
		owner = FRA

	}

	provinces={
		5 20 55 66 76 79 86 113 120 122 131 145 156 158 159 161 174 181 215 232 236 240 245 261 285 288 297 299 323 348 352 362 369 375 380 393 395 396 397 429 442 444 452 453 454 459 461 474 482 509 510 512 526 530 540 548 559 572 573 575 592 593 600 621 623 633 636 653 668 669 678 681 683 685 688 795 911 923 938 969 1028 1072 1302 1330 1332 1377 1417 1450 1487 1506 1844 1845 1846 1880 1939 1971 
	}
	impassable = yes
	manpower=100
	local_supplies=1.0
	state_category=rural
}
