
state={
	id=245
	name="STATE_245"

	history={
		owner = ABB

	}

	provinces={
		4 12 13 26 32 36 48 50 51 82 90 105 167 175 178 203 208 209 216 227 230 239 273 278 284 292 298 301 317 318 333 343 346 354 363 374 391 401 405 413 421 428 430 439 487 494 537 580 595 596 606 611 620 639 657 662 664 665 705 711 712 858 939 949 1432 1546 1826 1829 1830 1831 1832 1833 1835 1836 1837 1838 1839 1840 1841 1842 1843 1847 1848 1851 1853 1854 1858 1859 1863 1865 1868 1869 1876 1883 1887 1888 1896 1902 1904 1906 1907 1908 1909 1910 1911 1913 1914 1919 1923 1925 1932 1936 1941 1942 1950 1951 1952 1954 1957 1961 
	}
	manpower=100
	local_supplies=1.0 #1.000
	state_category=rural
}
