state={
	id=307
	name="STATE_307"
	provinces={
		136 399 701 2279 2283 2290 2292 2294 2297 2325 2326 2328 2331 2343 2344 2345 2346 2347 2348 2349 2350 2351 2352 2353 2354 2355 2356 2357 2358 2359 2360 2361 2362 2363 2364 2365 2366 2367 2368 2369 2370 2371 2372 2373 2374 2376 2378 2380 2381 2383 2385 2386 2387 2389 2392 2393 2394 2398 2400 2402 2403 2404 2405 2406 2407 2409 2410 2411 2412 
	}
	history={
		owner = FRA
		add_core_of = FRA

	}

	manpower=100
	local_supplies=1.0 #1.000
	state_category=rural
}